6098
8209
819
286
5001
5507
4539
6485
9449
7893
7335
5229
8662
2241
2650
6291
9751
7583
7887
4858
9591
1285
9391
416
9025
8708
4783
3006
9329
1215
5812
2693
6284
395
3202
1401
9884
2864
3950
4888
4294
6859
2792
6141
3120
4374
9968
7554
4703
6683
7432
262
5299
4657
1500
2635
1530
9935
5996
5540
8249
599
720
5888
4295
3587
6498
7206
2876
2291
2894
5545
8219
233
9423
5489
3501
664
7097
9123
8005
8799
9370
5100
1354
3635
2407
4543
6835
574
1041
2597
1207
6727
705
8981
4138
1496
7884
9714
4886
7303
8214
9205
4776
3409
4637
6890
8217
7530
6090
1428
3374
3729
3134
3186
7965
4415
9541
4606
3733
9251
2751
3415
9864
6435
7514
4706
2756
6328
2968
2584
850
3456
6363
6885
8331
3123
8659
6738
6706
1994
9534
1060
9609
5912
7922
4969
680
2327
3586
2395
1220
9779
3672
7060
1733
6703
2110
2321
2469
8411
4984
9566
5640
6331
3749
3112
7930
4200
6709
4191
1385
790
809
1768
7297
2416
5482
3460
3516
5884
4774
845
1418
5503
4408
546
6666
6491
5045
7309
6096
2041
4894
3388
7064
1711
6198
533
6376
6358
7073
5825
8960
1630
3694
2901
460
6310
8770
4942
7414
8493
2683
4037
9055
4635
1978
1720
4476
9317
3165
9892
3698
7498
1537
6948
5238
413
1797
5499
2897
7113
7382
6966
8678
1012
4502
1664
1081
7471
4767
4547
1419
6744
9738
2201
9461
8309
6183
4143
8232
8212
3454
8041
6861
6673
2866
8181
3922
9129
9383
1877
9467
2284
7864
7428
5701
4919
4721
9952
2925
6676
4529
4880
4365
5860
4741
111
4293
1563
8233
9094
9671
4613
3295
7346
3333
9903
7347
335
2380
8138
2547
1042
7355
5518
4473
9666
6333
5170
3216
3316
451
7035
5809
2381
4071
4114
7013
9999
4515
9677
4607
8052
7
6168
6998
7867
1685
1985
787
9519
4730
728
3050
5950
5404
359
3013
8546
1786
2414
8753
6736
2559
6605
7290
8800
7848
8751
8937
4819
1275
3549
6802
7975
6075
7834
9834
3394
2918
9652
5984
3371
5168
1513
7793
3602
9647
1755
4522
9028
2142
2924
7146
8588
6764
6561
3414
2551
1936
3223
9303
1570
9990
6879
8261
9264
8160
1552
4322
8317
2178
6868
7426
2713
2679
6606
3390
3042
5282
7417
4298
9975
4320
1518
3837
5151
7944
1115
9844
7460
1407
7735
9921
2664
1881
6976
3231
9930
7898
2097
5201
5411
1591
5231
1519
6760
1907
385
7763
391
4863
2360
3407
1658
6599
5357
5097
9955
1581
2200
6027
3024
8554
6304
1186
4503
7411
447
1142
2140
7919
9013
7349
9297
6692
50
3431
5551
3326
2317
7548
9856
4481
3978
9384
6942
1265
3309
78
8430
9570
1993
622
7418
6072
2696
3276
3257
9800
1482
9103
7487
1779
6754
8586
8829
1422
3686
4435
6057
3768
969
7504
3129
8269
1337
8047
1344
6442
4264
4756
7771
1772
1432
7658
2829
