==95405== Memcheck, a memory error detector
==95405== Copyright (C) 2002-2017, and GNU GPL'd, by Julian Seward et al.
==95405== Using Valgrind-3.18.1 and LibVEX; rerun with -h for copyright info
==95405== Command: ./push_swap -838 -1290 -1077 -468 -1043 291 -150 -1782 473 1411 1744 -1888 678 -1680 -1932 -22 1504 -415 1838 -181 569 -1177 -1265 -1881 -680 314 -274 1572 -800 -1246 209 1243 488 335 672 -189 -1050 -734 -60 -603 288 -1432 265 -1249 -1358 -614 -660 -1965 73 -205 113 -666 1429 1300 -289 -1982 -1438 -328 -1628 -320 -1561 649 126 -477 732 -1031 -1007 -1170 -1966 -1191 1860 1999 1125 -733 36 598 666 -1911 177 1624 -741 -740 746 -406 -1802 1302 1427 -809 -1260 -466 1768 267 -188 687 -1476 -1329 -1629 -1963 21 -326 1474 272 327 679 1931 874 -833 -351 1089 -1866 1229 -354 -637 540 -787 692 1521 997 1920 -581 -924 -1550 1460 -1617 -503 1414 1283 -422 -1739 164 -312 -775 444 -1263 1117 -450 -227 -270 603 -52 -768 -1846 399 -1139 -424 -832 -1557 664 295 1202 -9 34 -1331 1036 1463 -1429 502 -1276 28 -1645 1667 -1572 902 -249 1280 5 1032 1069 -365 999 264 119 -81 -1774 49 1867 -785 -869 1174 -861 136 285 -1776 -1388 396 883 -1087 1824 1112 1216 1127 1695 670 347 -1712 -1536 1907 1757 -1703 1020 -900 181 -1489 -391 884 415 911 -990 15 232 -397 -1431 -926 870 -1823 -1442 -1186 -1820 1435 -451 -1146 -1051 1168 355 282 -1322 -778 1962 -38 -1521 719 -1647 1159 2000 823 1789 1217 -67 356 635 -1869 1482 614 493 -20 -1379 -631 61 1499 -662 1713 135 -235 1659 1355 -1553 -1805 196 1848 -1174 550 647 1062 1156 166 304 -1091 697 462 -1789 -344 -507 -1159 -830 -1158 -1638 1456 1291 198 710 -878 1682 423 -1242 1037 -1222 -871 605 -1956 -706 1012 515 1446 -843 -214 191 -1830 -1096 -11 1513 -1688 1320 1897 1569 1573 -348 -1992 -1977 -790 786 -91 -1949 -1586 -770 455 -411 -72 59 1806 -1540 -1106 1282 1563 -730 204 420 -792 -1079 1 -1444 -753 -122 -296 216 243 17 141 398 617 1543 -1632 -837 9 68 -222 -1289 156 1864 197 1190 -495 1038 1254 -566 -1613 -716 -363 -79 1551 6 1276 299 897 1599 1477 972 1736 1615 -200 -1408 622 1881 424 -1132 1176 -31 -704 -797 62 1685 169 74 1832 761 936 -599 1721 -186 22 -386 974 1909 -1903 -1282 -1934 -1239 -1855 -545 -1547 -1700 1606 -1640 1579 1046 -1198 1166 -1021 -1655 1688 -1631 1108 -1368 -1892 -30 -1144 1961 610 976 -13 991 -1883 217 -1076 -246 -1574 -1294 -21 1003 250 -1971 -656 612 -261 1148 -1296 139 1199 624 -1101 868 -177 1603 -559 -360 -469 -1764 1080 1118 417 375 -1556 986 1101 1058 623 958 -865 -1642 -745 -299 -1686 -1656 460 1895 1193 -984 105 124 1896 227 1692 339 -346 1485 1635 157 84 -1219 500 -327 -1609 -355 -43 -47 -1323 736 -1733 348 1338 -1980 -1286 851 -1475 478 -732 -1326 -1581 -217 1498 -1634
==95405== 
==95405== 
==95405== HEAP SUMMARY:
==95405==     in use at exit: 0 bytes in 0 blocks
==95405==   total heap usage: 500 allocs, 500 frees, 12,000 bytes allocated
==95405== 
==95405== All heap blocks were freed -- no leaks are possible
==95405== 
==95405== For lists of detected and suppressed errors, rerun with: -s
==95405== ERROR SUMMARY: 0 errors from 0 contexts (suppressed: 0 from 0)
